PDEW2015 11 11  1 54 47.80 -29.5000  -72.0200  10.0 0.0 6.9 OFF COAST OF CENTRAL CHI                
event name:     20151111
time shift:     0.000
half duration:   6.0000
latitude:      -29.5000
longitude:     -72.150
depth:          9.500
Mrr:     1.850103e+26
Mtt:     5.615742e+24
Mpp:     -1.906260e+26
Mrt:     4.689382e+25
Mrp:     -3.168343e+26
Mtp:     -1.250244e+25
