  1300.0  2048   #time_series_length n_freqnency
  1.5d-3         #omega_imag
  120000     0   36000 #ngrid_r lmin lmax
   11   #n_structure_zone                                                        
      0.0   1217.1    13.0885   0.0000  -8.8381   0.0000 #rmin(km) rmax(km) ---rho(g/cm^3)___
                      11.2409   0.0000  -4.0969   0.0000 #---Vph(km/m)___
                      11.2409   0.0000  -4.0969   0.0000 #---Vpv(km/m)___       
                       6.0  0.0000  0.0  0.0000 #---Vsh(km/m)___       
                       6.0  0.0000  0.0   0.0000 #---Vsv(km/m)___       
                       1.0000   0.0000   0.0000   0.0000    100000.0    100000.0 #---eta---  Qmu Qkappa  
   1217.1   3482.0    12.5815  -1.2638  -3.6426  -5.5281
                      10.0390   3.7567 -13.6705   0.0000
                      10.0390   3.7567 -13.6705   0.0000
                       0.0000   0.0000   0.0000   0.0000
                       0.0000   0.0000   0.0000   0.0000
                       1.0000   0.0000   0.0000   0.0000    -1.0   57823.0
   3482.0   3631.0     7.9565  -6.4761   5.5283  -3.0807
                      14.4947  -1.4709   0.0000   0.0000
                      14.4947  -1.4709   0.0000   0.0000
                       8.1662  -1.5821   0.0000   0.0000
                       8.1662  -1.5821   0.0000   0.0000
                       1.0000   0.0000   0.0000   0.0000   312.0   57823.0
   3631.0   5611.0     7.9565  -6.4761   5.5283  -3.0807                        
                      25.1486 -41.1538  51.9932 -26.6083                        
                      25.1486 -41.1538  51.9932 -26.6083                        
                      12.9303 -21.2590  27.8988 -14.1080                        
                      12.9303 -21.2590  27.8988 -14.1080                        
                       1.0000   0.0000   0.0000   0.0000   312.0   57823.0      
   5611.0   5711.0     7.9565  -6.4761   5.5283  -3.0807                        
                      25.9700 -16.9341   0.0000   0.0000                        
                      25.9700 -16.9341   0.0000   0.0000                        
                      20.7690 -16.5315   0.0000   0.0000                        
                      20.7690 -16.5315   0.0000   0.0000                        
                       1.0000   0.0000   0.0000   0.0000   143.0   57823.0      
   5711.0   5961.0    11.2494  -8.0298   0.0000   0.0000
                      29.3890 -21.4066   0.0000   0.0000
                      29.3890 -21.4066   0.0000   0.0000
                      17.7073 -13.5066   0.0000   0.0000
                      17.7073 -13.5066   0.0000   0.0000
                       1.0000   0.0000   0.0000   0.0000   143.0   57823.0
   5961.0   6161.0     7.1089  -3.8045   0.0000   0.0000
                      30.7877 -23.2542   0.0000   0.0000
                      30.7877 -23.2542   0.0000   0.0000
                      15.2421 -11.0856   0.0000   0.0000
                      15.2421 -11.0856   0.0000   0.0000
                       1.0000   0.0000   0.0000   0.0000   143.0   57823.0
   6161.0   6251.0     2.6910   0.6924   0.0000   0.0000
                      25.4139 -17.6972   0.0000   0.0000
                      25.4139 -17.6972   0.0000   0.0000
                       5.7502  -1.2742   0.0000   0.0000
                       5.7502  -1.2742   0.0000   0.0000
                       1.0000   0.0000   0.0000   0.0000    80.0   57823.0
   6251.0   6336.0     2.6910   0.6924   0.0000   0.0000
                       8.7854  -0.7495   0.0000   0.0000
                       8.7854  -0.7495   0.0000   0.0000
                       6.7062  -2.2486   0.0000   0.0000
                       6.7062  -2.2486   0.0000   0.0000
                       1.0000   0.0000   0.0000   0.0000   600.0   57823.0
   6336.0   6351.0     2.9000   0.0000   0.0000   0.0000
                       6.5000   0.0000   0.0000   0.0000
                       6.5000   0.0000   0.0000   0.0000
                       3.7500   0.0000   0.0000   0.0000
                       3.7500   0.0000   0.0000   0.0000
                       1.0000   0.0000   0.0000   0.0000   600.0   57823.0
   6351.0   6371.0     2.6000   0.0000   0.0000   0.0000
                       5.8000   0.0000   0.0000   0.0000
                       5.8000   0.0000   0.0000   0.0000
                       3.3600   0.0000   0.0000   0.0000
                       3.3600   0.0000   0.0000   0.0000
                       1.0000   0.0000   0.0000   0.0000   600.0   57823.0
  600.0  0.00  90.00  1  #source_depth (km) source_lat source_lon source_type (1 for moment-tensor and 2 for single-force)
  7  1.0 0.0 0.0 0.0 0.0 0.0   #exp_dyn-cm Mij,i=1-6 (moment tensor) OR exp_dyn Force_i,i=1,6 (only first three forces functional)
  depth_solid_list #file listing the Green's function depths in solid media
  dist_solid_list #file listing the Green's function distances in solid media
  depth_fluid_list #file listing the Green's function depths in fluid media
  dist_fluid_list #file listing the Green's function distances in fluid media
  2 #save displacement (choose 1, for coupling integral) or velocity (choose 2, for Stacey ABC) seismograms
end
