PDEW2016 10 27 20 32 55.80 -33.7800  -72.5300  12.6 0.0 6.0 OFF COAST OF CENTRAL CHI                
event name:     201610272032A  
time shift:      6.4100
half duration:   2.4000
latitude:      -33.8300
longitude:     -72.7500
depth:          12.0000
Mrr:       6.450000e+24
Mtt:      -1.810000e+22
Mpp:      -6.430000e+24
Mrt:      -1.660000e+24
Mrp:      -9.300000e+24
Mtp:      -1.220000e+24
