41
     46.00000000
     46.20000000
     46.40000000
     46.60000000
     46.80000000
     47.00000000
     47.20000000
     47.40000000
     47.60000000
     47.80000000
     48.00000000
     48.20000000
     48.40000000
     48.60000000
     48.80000000
     49.00000000
     49.20000000
     49.40000000
     49.60000000
     49.80000000
     50.00000000
     50.20000000
     50.40000000
     50.60000000
     50.80000000
     51.00000000
     51.20000000
     51.40000000
     51.60000000
     51.80000000
     52.00000000
     52.20000000
     52.40000000
     52.60000000
     52.80000000
     53.00000000
     53.20000000
     53.40000000
     53.60000000
     53.80000000
     54.00000000
